KMeans: 0.38166008781402877
MiniBatchKMeans: 0.224358478235992
AffinityPropagation: 0.19549022844641112
