KMeans: 0.27485107506159934
MiniBatchKMeans: 0.2927104624929401
AffinityPropagation: 0.578098408172051
